1751579051331 0.019709419459104538 0 83224d56bf8448c6bc99f59f3f1ff503
1751579052211 0.0009762758272700012 1 83224d56bf8448c6bc99f59f3f1ff503
1751579052995 0.0006212072912603617 2 83224d56bf8448c6bc99f59f3f1ff503
1751579053714 0.0005700618494302034 3 83224d56bf8448c6bc99f59f3f1ff503
1751579054411 0.0005423311959020793 4 83224d56bf8448c6bc99f59f3f1ff503
1751579055159 0.0005244313506409526 5 83224d56bf8448c6bc99f59f3f1ff503
1751579055861 0.0005267143133096397 6 83224d56bf8448c6bc99f59f3f1ff503
1751579056613 0.0005027896258980036 7 83224d56bf8448c6bc99f59f3f1ff503
1751579057397 0.00046446084161289036 8 83224d56bf8448c6bc99f59f3f1ff503
1751579058095 0.000462018622783944 9 83224d56bf8448c6bc99f59f3f1ff503
1751579058811 0.0004294468089938164 10 83224d56bf8448c6bc99f59f3f1ff503
1751579059605 0.0004311229276936501 11 83224d56bf8448c6bc99f59f3f1ff503
1751579060318 0.0004199678951408714 12 83224d56bf8448c6bc99f59f3f1ff503
1751579061029 0.00039608206134289503 13 83224d56bf8448c6bc99f59f3f1ff503
1751579061726 0.0003921680327039212 14 83224d56bf8448c6bc99f59f3f1ff503
1751579062443 0.00038163020508363843 15 83224d56bf8448c6bc99f59f3f1ff503
1751579063204 0.0003745398425962776 16 83224d56bf8448c6bc99f59f3f1ff503
1751579063938 0.00035992273478768766 17 83224d56bf8448c6bc99f59f3f1ff503
1751579064642 0.00036300288047641516 18 83224d56bf8448c6bc99f59f3f1ff503
1751579065390 0.0003678688663057983 19 83224d56bf8448c6bc99f59f3f1ff503
1751579066225 0.00037116618477739394 20 83224d56bf8448c6bc99f59f3f1ff503
1751579067012 0.00034489401150494814 21 83224d56bf8448c6bc99f59f3f1ff503
1751579067813 0.000356765347532928 22 83224d56bf8448c6bc99f59f3f1ff503
1751579068561 0.00032751201069913805 23 83224d56bf8448c6bc99f59f3f1ff503
1751579069322 0.00033114870893768966 24 83224d56bf8448c6bc99f59f3f1ff503
1751579070060 0.00031850847881287336 25 83224d56bf8448c6bc99f59f3f1ff503
1751579070895 0.00031514218426309526 26 83224d56bf8448c6bc99f59f3f1ff503
1751579071776 0.000311804236844182 27 83224d56bf8448c6bc99f59f3f1ff503
1751579072640 0.0003028399951290339 28 83224d56bf8448c6bc99f59f3f1ff503
1751579073464 0.00029695071862079203 29 83224d56bf8448c6bc99f59f3f1ff503
1751579074274 0.00029557442758232355 30 83224d56bf8448c6bc99f59f3f1ff503
1751579075075 0.00028926876257173717 31 83224d56bf8448c6bc99f59f3f1ff503
1751579075944 0.0002921449486166239 32 83224d56bf8448c6bc99f59f3f1ff503
1751579076758 0.0002894577628467232 33 83224d56bf8448c6bc99f59f3f1ff503
1751579077580 0.0002885841822717339 34 83224d56bf8448c6bc99f59f3f1ff503
1751579078392 0.0002836413914337754 35 83224d56bf8448c6bc99f59f3f1ff503
1751579079232 0.00029054839978925884 36 83224d56bf8448c6bc99f59f3f1ff503
1751579080074 0.00028267319430597126 37 83224d56bf8448c6bc99f59f3f1ff503
1751579080959 0.0002826355048455298 38 83224d56bf8448c6bc99f59f3f1ff503
1751579081983 0.0002677349257282913 39 83224d56bf8448c6bc99f59f3f1ff503
1751579083092 0.0003101543989032507 40 83224d56bf8448c6bc99f59f3f1ff503
1751579084048 0.0002634546544868499 41 83224d56bf8448c6bc99f59f3f1ff503
1751579084999 0.0002608149661682546 42 83224d56bf8448c6bc99f59f3f1ff503
1751579085975 0.0002632589603308588 43 83224d56bf8448c6bc99f59f3f1ff503
1751579086978 0.0002658118901308626 44 83224d56bf8448c6bc99f59f3f1ff503
1751579088063 0.00024884907179512084 45 83224d56bf8448c6bc99f59f3f1ff503
1751579089090 0.0002502091520000249 46 83224d56bf8448c6bc99f59f3f1ff503
1751579090107 0.00024866117746569216 47 83224d56bf8448c6bc99f59f3f1ff503
1751579091129 0.00024184011272154748 48 83224d56bf8448c6bc99f59f3f1ff503
1751579092045 0.0002454694185871631 49 83224d56bf8448c6bc99f59f3f1ff503
1751579051331 0.019709419459104538 0 83224d56bf8448c6bc99f59f3f1ff503
