1751583087534 0.02664218284189701 0 598a45ddf8eb47108b5c275d8d05c103
1751583088407 0.0011297536548227072 1 598a45ddf8eb47108b5c275d8d05c103
1751583089235 0.0007278132252395153 2 598a45ddf8eb47108b5c275d8d05c103
1751583090136 0.0006735514616593719 3 598a45ddf8eb47108b5c275d8d05c103
1751583090978 0.000639860110823065 4 598a45ddf8eb47108b5c275d8d05c103
1751583091917 0.0006114796851761639 5 598a45ddf8eb47108b5c275d8d05c103
1751583092749 0.0005783338565379381 6 598a45ddf8eb47108b5c275d8d05c103
1751583093534 0.0005516560631804168 7 598a45ddf8eb47108b5c275d8d05c103
1751583094609 0.0005318127805367112 8 598a45ddf8eb47108b5c275d8d05c103
1751583095891 0.0005077298847027123 9 598a45ddf8eb47108b5c275d8d05c103
1751583097100 0.0004941386869177222 10 598a45ddf8eb47108b5c275d8d05c103
1751583098363 0.00048511583008803427 11 598a45ddf8eb47108b5c275d8d05c103
1751583099750 0.0004568120348267257 12 598a45ddf8eb47108b5c275d8d05c103
1751583102176 0.0004669446498155594 13 598a45ddf8eb47108b5c275d8d05c103
1751583103737 0.0004882887587882578 14 598a45ddf8eb47108b5c275d8d05c103
1751583104973 0.00042694987496361136 15 598a45ddf8eb47108b5c275d8d05c103
1751583106102 0.00042771128937602043 16 598a45ddf8eb47108b5c275d8d05c103
1751583107443 0.00042820643284358084 17 598a45ddf8eb47108b5c275d8d05c103
1751583109257 0.0004092186572961509 18 598a45ddf8eb47108b5c275d8d05c103
1751583110265 0.00038832545396871865 19 598a45ddf8eb47108b5c275d8d05c103
1751583111016 0.0003885760379489511 20 598a45ddf8eb47108b5c275d8d05c103
1751583111813 0.00038152060005813837 21 598a45ddf8eb47108b5c275d8d05c103
1751583112590 0.00036653445567935705 22 598a45ddf8eb47108b5c275d8d05c103
1751583113346 0.00038939181831665337 23 598a45ddf8eb47108b5c275d8d05c103
1751583114180 0.0003615718160290271 24 598a45ddf8eb47108b5c275d8d05c103
1751583114966 0.00034534692531451583 25 598a45ddf8eb47108b5c275d8d05c103
1751583115814 0.00034029255039058626 26 598a45ddf8eb47108b5c275d8d05c103
1751583116696 0.00034784930176101625 27 598a45ddf8eb47108b5c275d8d05c103
1751583117546 0.0003526511718519032 28 598a45ddf8eb47108b5c275d8d05c103
1751583118430 0.0003265327832195908 29 598a45ddf8eb47108b5c275d8d05c103
1751583119400 0.00032850491697899997 30 598a45ddf8eb47108b5c275d8d05c103
1751583120429 0.00033165793865919113 31 598a45ddf8eb47108b5c275d8d05c103
1751583121301 0.0003544653009157628 32 598a45ddf8eb47108b5c275d8d05c103
1751583122184 0.0003378951223567128 33 598a45ddf8eb47108b5c275d8d05c103
1751583123082 0.000308443617541343 34 598a45ddf8eb47108b5c275d8d05c103
1751583123928 0.00036816048668697476 35 598a45ddf8eb47108b5c275d8d05c103
1751583124828 0.0003101657493971288 36 598a45ddf8eb47108b5c275d8d05c103
1751583125729 0.00030140476883389056 37 598a45ddf8eb47108b5c275d8d05c103
1751583126648 0.00029556205845437944 38 598a45ddf8eb47108b5c275d8d05c103
1751583127645 0.0003067967772949487 39 598a45ddf8eb47108b5c275d8d05c103
1751583128631 0.0002859086962416768 40 598a45ddf8eb47108b5c275d8d05c103
1751583129632 0.00030024710576981306 41 598a45ddf8eb47108b5c275d8d05c103
1751583130661 0.0002900113759096712 42 598a45ddf8eb47108b5c275d8d05c103
1751583131851 0.00028074896545149386 43 598a45ddf8eb47108b5c275d8d05c103
1751583132977 0.0002729369152802974 44 598a45ddf8eb47108b5c275d8d05c103
1751583134027 0.00027123643667437136 45 598a45ddf8eb47108b5c275d8d05c103
1751583135099 0.00028995663160458207 46 598a45ddf8eb47108b5c275d8d05c103
1751583136110 0.00027863914147019386 47 598a45ddf8eb47108b5c275d8d05c103
1751583137128 0.0002673030539881438 48 598a45ddf8eb47108b5c275d8d05c103
1751583138181 0.0002605652844067663 49 598a45ddf8eb47108b5c275d8d05c103
1751583087534 0.02664218284189701 0 598a45ddf8eb47108b5c275d8d05c103
