1751847693799 0.0041860537603497505 0 cd04881e242d40e196e8768c70ad3b6f
1751847699604 0.00042828707955777645 1 cd04881e242d40e196e8768c70ad3b6f
1751847703347 0.0004023619694635272 2 cd04881e242d40e196e8768c70ad3b6f
1751847708393 0.00038428243715316057 3 cd04881e242d40e196e8768c70ad3b6f
1751847712014 0.00037073640851303935 4 cd04881e242d40e196e8768c70ad3b6f
1751847715780 0.00036207796074450016 5 cd04881e242d40e196e8768c70ad3b6f
1751847719209 0.0003348492318764329 6 cd04881e242d40e196e8768c70ad3b6f
1751847722637 0.00032294628908857703 7 cd04881e242d40e196e8768c70ad3b6f
1751847728438 0.00031494515133090317 8 cd04881e242d40e196e8768c70ad3b6f
1751847732483 0.00030562502797693014 9 cd04881e242d40e196e8768c70ad3b6f
1751847736150 0.0002913523931056261 10 cd04881e242d40e196e8768c70ad3b6f
1751847739887 0.0002997345000039786 11 cd04881e242d40e196e8768c70ad3b6f
1751847743550 0.00027294576284475625 12 cd04881e242d40e196e8768c70ad3b6f
1751847747107 0.0002747936232481152 13 cd04881e242d40e196e8768c70ad3b6f
1751847750648 0.0002718949399422854 14 cd04881e242d40e196e8768c70ad3b6f
1751847754309 0.00025368097703903913 15 cd04881e242d40e196e8768c70ad3b6f
1751847757833 0.0002568633062765002 16 cd04881e242d40e196e8768c70ad3b6f
1751847761333 0.0002452494518365711 17 cd04881e242d40e196e8768c70ad3b6f
1751847765127 0.0002501612761989236 18 cd04881e242d40e196e8768c70ad3b6f
1751847769205 0.00023954923381097615 19 cd04881e242d40e196e8768c70ad3b6f
1751847773117 0.0002521975548006594 20 cd04881e242d40e196e8768c70ad3b6f
1751847776768 0.00023498907103203237 21 cd04881e242d40e196e8768c70ad3b6f
1751847780500 0.0002450021274853498 22 cd04881e242d40e196e8768c70ad3b6f
1751847784062 0.00023050639720167965 23 cd04881e242d40e196e8768c70ad3b6f
1751847787650 0.00021780394308734685 24 cd04881e242d40e196e8768c70ad3b6f
1751847791486 0.00022449901734944433 25 cd04881e242d40e196e8768c70ad3b6f
1751847795995 0.00021567488147411495 26 cd04881e242d40e196e8768c70ad3b6f
1751847798669 0.00023848038108553737 27 cd04881e242d40e196e8768c70ad3b6f
1751847801211 0.00020949571626260877 28 cd04881e242d40e196e8768c70ad3b6f
1751847803721 0.00021114952687639743 29 cd04881e242d40e196e8768c70ad3b6f
1751847805754 0.00021389147150330245 30 cd04881e242d40e196e8768c70ad3b6f
1751847807645 0.00020741348271258175 31 cd04881e242d40e196e8768c70ad3b6f
1751847809720 0.00020306752412579954 32 cd04881e242d40e196e8768c70ad3b6f
1751847811817 0.00019281083950772882 33 cd04881e242d40e196e8768c70ad3b6f
1751847813770 0.00018720429216045886 34 cd04881e242d40e196e8768c70ad3b6f
1751847815657 0.000195344997337088 35 cd04881e242d40e196e8768c70ad3b6f
1751847817527 0.00020820354984607548 36 cd04881e242d40e196e8768c70ad3b6f
1751847819447 0.00020284352649468929 37 cd04881e242d40e196e8768c70ad3b6f
1751847821559 0.00018624667427502573 38 cd04881e242d40e196e8768c70ad3b6f
1751847823692 0.00018506840569898486 39 cd04881e242d40e196e8768c70ad3b6f
1751847825915 0.00019602525571826845 40 cd04881e242d40e196e8768c70ad3b6f
1751847828043 0.00019042300118599087 41 cd04881e242d40e196e8768c70ad3b6f
1751847830120 0.00018366213771514595 42 cd04881e242d40e196e8768c70ad3b6f
1751847832257 0.00018174575234297663 43 cd04881e242d40e196e8768c70ad3b6f
1751847834377 0.00017845253751147538 44 cd04881e242d40e196e8768c70ad3b6f
1751847836290 0.0001752791868057102 45 cd04881e242d40e196e8768c70ad3b6f
1751847838172 0.00016924146621022373 46 cd04881e242d40e196e8768c70ad3b6f
1751847840213 0.00016635678184684366 47 cd04881e242d40e196e8768c70ad3b6f
1751847842288 0.00017580513667780906 48 cd04881e242d40e196e8768c70ad3b6f
1751847844361 0.00016939951456151903 49 cd04881e242d40e196e8768c70ad3b6f
1751847693799 0.0041860537603497505 0 cd04881e242d40e196e8768c70ad3b6f
