1751738893033 0.016045674681663513 0
1751738895017 0.0007507738773711026 1
1751738897031 0.0005766399553976953 2
1751738899076 0.0005507649620994925 3
1751738901227 0.0005066911689937115 4
1751738903094 0.0004943654057569802 5
1751738905005 0.00044314938713796437 6
1751738906912 0.00041636626701802015 7
1751738908841 0.00041808176320046186 8
1751738911025 0.0003875207039527595 9
1751738913018 0.000381378922611475 10
1751738914891 0.0003459499857854098 11
1751738916690 0.0003364428412169218 12
1751738918550 0.0003476642305031419 13
1751738920716 0.0003375695669092238 14
1751738922678 0.0003344810102134943 15
1751738924518 0.0003176276513841003 16
1751738926345 0.0003214645548723638 17
1751738928222 0.000298076105536893 18
1751738930195 0.00029535419889725745 19
1751738932339 0.00029200955759733915 20
1751738934171 0.00029073093901388347 21
1751738936049 0.000282946799416095 22
1751738937914 0.0002691111294552684 23
1751738939723 0.0002773844462353736 24
1751738941960 0.0002556128310970962 25
1751738943893 0.0002753009903244674 26
1751738945761 0.00026733375852927566 27
1751738947546 0.0002819860528688878 28
1751738949343 0.00026183403679169714 29
1751738951366 0.00024599526659585536 30
1751738953146 0.0002381020167376846 31
1751738954984 0.00024750822922214866 32
1751738956890 0.0002473361964803189 33
1751738958708 0.00024392823979724199 34
1751738960812 0.0002479273243807256 35
1751738962656 0.00028999955975450575 36
1751738964509 0.0002251943078590557 37
1751738966387 0.00021799231762997806 38
1751738968273 0.00023067307483870536 39
1751738970995 0.00020870087610092014 40
1751738972792 0.00022193983022589236 41
1751738974861 0.00022504640219267458 42
1751738977307 0.00021113739057909697 43
1751738979390 0.00021168221428524703 44
1751738981498 0.00019659189274534583 45
1751738983345 0.00020110237528569996 46
1751738985319 0.00020183649030514061 47
1751738987280 0.00019997228810098022 48
1751738989222 0.0001932029117597267 49
1751738893033 0.016045674681663513 0
