1751578015004 0.013109578751027584 0
1751578016007 0.000780722068157047 1
1751578017002 0.0006385272718034685 2
1751578017921 0.0005929772742092609 3
1751578018876 0.000559271895326674 4
1751578019789 0.0005306832026690245 5
1751578020731 0.0005154356476850808 6
1751578021668 0.0004921069485135376 7
1751578022591 0.0004668585315812379 8
1751578023507 0.00047556307981722057 9
1751578024288 0.00042506010504439473 10
1751578025156 0.00040689980960451066 11
1751578026008 0.000420689262682572 12
1751578026765 0.0003843021986540407 13
1751578027535 0.000410608685342595 14
1751578028268 0.00038030132418498397 15
1751578029028 0.0003641628136392683 16
1751578029770 0.0003651195438578725 17
1751578030538 0.0003519055317156017 18
1751578031270 0.00040082968189381063 19
1751578032041 0.00036113246460445225 20
1751578032810 0.0003473398683127016 21
1751578033630 0.0003248574212193489 22
1751578034395 0.00033420324325561523 23
1751578035150 0.0003190691350027919 24
1751578035885 0.0003581600321922451 25
1751578036633 0.00030567197245545685 26
1751578037399 0.0003122331982012838 27
1751578038187 0.00029482561512850225 28
1751578038957 0.0002857210347428918 29
1751578039716 0.0002869824238587171 30
1751578040532 0.0002805135736707598 31
1751578041293 0.0002773127635009587 32
1751578042060 0.00028302596183493733 33
1751578042800 0.00027032959042117 34
1751578043535 0.00028441057656891644 35
1751578044300 0.0002941254642792046 36
1751578045065 0.00027711119037121534 37
1751578045891 0.0002770123537629843 38
1751578046656 0.00027870002668350935 39
1751578047561 0.00026193130179308355 40
1751578048384 0.00025561254005879164 41
1751578049184 0.00024495332036167383 42
1751578049950 0.00026588892797008157 43
1751578050699 0.00024407442833762616 44
1751578051447 0.0002500987611711025 45
1751578052266 0.00023484142730012536 46
1751578053131 0.0002372405433561653 47
1751578053999 0.00023431512818206102 48
1751578054946 0.00023017084458842874 49
1751578015004 0.013109578751027584 0
