1751577803189 0.029539112001657486 0
1751577804059 0.0014103726716712117 1
1751577805162 0.000929038564208895 2
1751577806063 0.0008535353699699044 3
1751577806960 0.0007727542542852461 4
1751577807905 0.0007179678650572896 5
1751577808870 0.0006777817034162581 6
1751577809831 0.0006265405681915581 7
1751577810809 0.0005790066788904369 8
1751577811824 0.0005331577267497778 9
1751577812808 0.0005163968889974058 10
1751577813704 0.0005453047924675047 11
1751577815095 0.00047806475777179003 12
1751577816625 0.0004580403910949826 13
1751577818033 0.00047676044050604105 14
1751577819544 0.0004378976591397077 15
1751577821075 0.000421552627813071 16
1751577822682 0.00042508705519139767 17
1751577824437 0.00040447263745591044 18
1751577825797 0.00038765984936617315 19
1751577826812 0.0003940073656849563 20
1751577827801 0.0003684980620164424 21
1751577828812 0.0003655319451354444 22
1751577829825 0.0003792390925809741 23
1751577830877 0.00038680608849972486 24
1751577831894 0.0003590888809412718 25
1751577832948 0.0003650269645731896 26
1751577834014 0.0003483070759102702 27
1751577835127 0.00032383741927333176 28
1751577836191 0.0003293905174359679 29
1751577837135 0.0003178062615916133 30
1751577838087 0.0003206091932952404 31
1751577838977 0.0003207307599950582 32
1751577839910 0.00030275489552877843 33
1751577840791 0.00029340796754695475 34
1751577841709 0.0002921095001511276 35
1751577842607 0.0003032982931472361 36
1751577843539 0.00031674630008637905 37
1751577844443 0.00028781010769307613 38
1751577845369 0.0002899833780247718 39
1751577846257 0.00027492456138134 40
1751577847143 0.0002637727011460811 41
1751577848034 0.00026214466197416186 42
1751577848924 0.00026248922222293913 43
1751577849850 0.00028006473439745605 44
1751577850733 0.0002512616338208318 45
1751577851610 0.00025220777024514973 46
1751577852558 0.000255152874160558 47
1751577853439 0.0002438192896079272 48
1751577854341 0.0002439691888866946 49
1751577803189 0.029539112001657486 0
