1751577479958 0.011259255930781364 0 239d977f6113434e889c5b5f1738ad58
1751577480870 0.0006749476888217032 1 239d977f6113434e889c5b5f1738ad58
1751577481805 0.0005964361480437219 2 239d977f6113434e889c5b5f1738ad58
1751577482848 0.0005550120258703828 3 239d977f6113434e889c5b5f1738ad58
1751577483772 0.0005205650231800973 4 239d977f6113434e889c5b5f1738ad58
1751577484655 0.000505103962495923 5 239d977f6113434e889c5b5f1738ad58
1751577485574 0.000490145175717771 6 239d977f6113434e889c5b5f1738ad58
1751577486503 0.0004723132587969303 7 239d977f6113434e889c5b5f1738ad58
1751577487453 0.00046030018711462617 8 239d977f6113434e889c5b5f1738ad58
1751577488396 0.0004284855385776609 9 239d977f6113434e889c5b5f1738ad58
1751577489303 0.0004193616332486272 10 239d977f6113434e889c5b5f1738ad58
1751577490220 0.0004185502475593239 11 239d977f6113434e889c5b5f1738ad58
1751577491602 0.0003907710197381675 12 239d977f6113434e889c5b5f1738ad58
1751577492536 0.0004164392885286361 13 239d977f6113434e889c5b5f1738ad58
1751577493418 0.0003905994526576251 14 239d977f6113434e889c5b5f1738ad58
1751577494303 0.0003743724955711514 15 239d977f6113434e889c5b5f1738ad58
1751577495168 0.00037151374272070825 16 239d977f6113434e889c5b5f1738ad58
1751577496062 0.0003585991507861763 17 239d977f6113434e889c5b5f1738ad58
1751577496988 0.0003751483163796365 18 239d977f6113434e889c5b5f1738ad58
1751577497934 0.000342371262377128 19 239d977f6113434e889c5b5f1738ad58
1751577498901 0.0003280166129115969 20 239d977f6113434e889c5b5f1738ad58
1751577499769 0.000325696833897382 21 239d977f6113434e889c5b5f1738ad58
1751577500660 0.0003171946154907346 22 239d977f6113434e889c5b5f1738ad58
1751577501561 0.000312171847326681 23 239d977f6113434e889c5b5f1738ad58
1751577502417 0.0003099727618973702 24 239d977f6113434e889c5b5f1738ad58
1751577503340 0.00033346679992973804 25 239d977f6113434e889c5b5f1738ad58
1751577504215 0.00031792407389730215 26 239d977f6113434e889c5b5f1738ad58
1751577505155 0.0003070979146286845 27 239d977f6113434e889c5b5f1738ad58
1751577506065 0.0002963116276077926 28 239d977f6113434e889c5b5f1738ad58
1751577506933 0.00031585132819600403 29 239d977f6113434e889c5b5f1738ad58
1751577507841 0.00031505359220318496 30 239d977f6113434e889c5b5f1738ad58
1751577508700 0.0002844768459908664 31 239d977f6113434e889c5b5f1738ad58
1751577509600 0.00029905029805377126 32 239d977f6113434e889c5b5f1738ad58
1751577510450 0.0003072641266044229 33 239d977f6113434e889c5b5f1738ad58
1751577511349 0.00027612410485744476 34 239d977f6113434e889c5b5f1738ad58
1751577512250 0.00028101043426431715 35 239d977f6113434e889c5b5f1738ad58
1751577513183 0.0002650378446560353 36 239d977f6113434e889c5b5f1738ad58
1751577514066 0.0002610540541354567 37 239d977f6113434e889c5b5f1738ad58
1751577514957 0.0002885640424210578 38 239d977f6113434e889c5b5f1738ad58
1751577515845 0.00025679991813376546 39 239d977f6113434e889c5b5f1738ad58
1751577516710 0.0003071216051466763 40 239d977f6113434e889c5b5f1738ad58
1751577517636 0.00026971480110660195 41 239d977f6113434e889c5b5f1738ad58
1751577518494 0.0002571023360360414 42 239d977f6113434e889c5b5f1738ad58
1751577519356 0.00027741194935515523 43 239d977f6113434e889c5b5f1738ad58
1751577520282 0.0002527670294512063 44 239d977f6113434e889c5b5f1738ad58
1751577521182 0.0002520154812373221 45 239d977f6113434e889c5b5f1738ad58
1751577522081 0.0002570520155131817 46 239d977f6113434e889c5b5f1738ad58
1751577522918 0.00024420153931714594 47 239d977f6113434e889c5b5f1738ad58
1751577523783 0.0002404368860879913 48 239d977f6113434e889c5b5f1738ad58
1751577524665 0.00023671296366956085 49 239d977f6113434e889c5b5f1738ad58
1751577479958 0.011259255930781364 0 239d977f6113434e889c5b5f1738ad58
