1751848029503 0.007482574786990881 0 44f9b8024c0c4cb787c84f8e9eb1d0f6
1751848031828 0.0005367352277971804 1 44f9b8024c0c4cb787c84f8e9eb1d0f6
1751848034285 0.0004300371219869703 2 44f9b8024c0c4cb787c84f8e9eb1d0f6
1751848036514 0.00040115026058629155 3 44f9b8024c0c4cb787c84f8e9eb1d0f6
1751848038513 0.00037623356911353767 4 44f9b8024c0c4cb787c84f8e9eb1d0f6
1751848042538 0.0003636952897068113 5 44f9b8024c0c4cb787c84f8e9eb1d0f6
1751848044676 0.0003339450340718031 6 44f9b8024c0c4cb787c84f8e9eb1d0f6
1751848046657 0.00032469400321133435 7 44f9b8024c0c4cb787c84f8e9eb1d0f6
1751848048734 0.0003107138618361205 8 44f9b8024c0c4cb787c84f8e9eb1d0f6
1751848050816 0.00030288362177088857 9 44f9b8024c0c4cb787c84f8e9eb1d0f6
1751848052913 0.00032507983269169927 10 44f9b8024c0c4cb787c84f8e9eb1d0f6
1751848055031 0.00030374835478141904 11 44f9b8024c0c4cb787c84f8e9eb1d0f6
1751848057114 0.00029436388285830617 12 44f9b8024c0c4cb787c84f8e9eb1d0f6
1751848059091 0.0002703214413486421 13 44f9b8024c0c4cb787c84f8e9eb1d0f6
1751848061241 0.0002713156573008746 14 44f9b8024c0c4cb787c84f8e9eb1d0f6
1751848063382 0.0002651420363690704 15 44f9b8024c0c4cb787c84f8e9eb1d0f6
1751848065753 0.00027239316841587424 16 44f9b8024c0c4cb787c84f8e9eb1d0f6
1751848067952 0.0002586908813100308 17 44f9b8024c0c4cb787c84f8e9eb1d0f6
1751848069994 0.00025999071658588946 18 44f9b8024c0c4cb787c84f8e9eb1d0f6
1751848072025 0.0002610793162602931 19 44f9b8024c0c4cb787c84f8e9eb1d0f6
1751848074102 0.00023656804114580154 20 44f9b8024c0c4cb787c84f8e9eb1d0f6
1751848076109 0.00024273504095617682 21 44f9b8024c0c4cb787c84f8e9eb1d0f6
1751848078058 0.00023406348191201687 22 44f9b8024c0c4cb787c84f8e9eb1d0f6
1751848080064 0.00022805358457844704 23 44f9b8024c0c4cb787c84f8e9eb1d0f6
1751848082175 0.00025337751139886677 24 44f9b8024c0c4cb787c84f8e9eb1d0f6
1751848084258 0.00024738541105762124 25 44f9b8024c0c4cb787c84f8e9eb1d0f6
1751848086471 0.00022852298570796847 26 44f9b8024c0c4cb787c84f8e9eb1d0f6
1751848088527 0.00021517995628528297 27 44f9b8024c0c4cb787c84f8e9eb1d0f6
1751848090901 0.00020764832152053714 28 44f9b8024c0c4cb787c84f8e9eb1d0f6
1751848093262 0.0002367630077060312 29 44f9b8024c0c4cb787c84f8e9eb1d0f6
1751848095353 0.00021428591571748257 30 44f9b8024c0c4cb787c84f8e9eb1d0f6
1751848097543 0.00020711231627501547 31 44f9b8024c0c4cb787c84f8e9eb1d0f6
1751848099740 0.00020285684149712324 32 44f9b8024c0c4cb787c84f8e9eb1d0f6
1751848102078 0.00020174837845843285 33 44f9b8024c0c4cb787c84f8e9eb1d0f6
1751848104427 0.00022160982189234346 34 44f9b8024c0c4cb787c84f8e9eb1d0f6
1751848106339 0.00020987101015634835 35 44f9b8024c0c4cb787c84f8e9eb1d0f6
1751848108320 0.00019227109441999346 36 44f9b8024c0c4cb787c84f8e9eb1d0f6
1751848110400 0.0001913426094688475 37 44f9b8024c0c4cb787c84f8e9eb1d0f6
1751848112505 0.00020833645248785615 38 44f9b8024c0c4cb787c84f8e9eb1d0f6
1751848114437 0.00018739850202109665 39 44f9b8024c0c4cb787c84f8e9eb1d0f6
1751848116470 0.00018771893519442528 40 44f9b8024c0c4cb787c84f8e9eb1d0f6
1751848118423 0.00018059718422591686 41 44f9b8024c0c4cb787c84f8e9eb1d0f6
1751848120480 0.0001815408031689003 42 44f9b8024c0c4cb787c84f8e9eb1d0f6
1751848122653 0.00018613695283420384 43 44f9b8024c0c4cb787c84f8e9eb1d0f6
1751848124763 0.0001833217975217849 44 44f9b8024c0c4cb787c84f8e9eb1d0f6
1751848126813 0.00017317107995040715 45 44f9b8024c0c4cb787c84f8e9eb1d0f6
1751848128760 0.0001750440278556198 46 44f9b8024c0c4cb787c84f8e9eb1d0f6
1751848130786 0.0001755854464136064 47 44f9b8024c0c4cb787c84f8e9eb1d0f6
1751848132781 0.0001696589752100408 48 44f9b8024c0c4cb787c84f8e9eb1d0f6
1751848134768 0.00016998566570691764 49 44f9b8024c0c4cb787c84f8e9eb1d0f6
1751848136866 0.0001723885943647474 50 44f9b8024c0c4cb787c84f8e9eb1d0f6
1751848138860 0.00017496783402748406 51 44f9b8024c0c4cb787c84f8e9eb1d0f6
1751848140920 0.00017524395661894232 52 44f9b8024c0c4cb787c84f8e9eb1d0f6
1751848142959 0.00016999997023958713 53 44f9b8024c0c4cb787c84f8e9eb1d0f6
1751848145207 0.0001699207496130839 54 44f9b8024c0c4cb787c84f8e9eb1d0f6
1751848147250 0.00017516393563710153 55 44f9b8024c0c4cb787c84f8e9eb1d0f6
1751848149200 0.0001597600057721138 56 44f9b8024c0c4cb787c84f8e9eb1d0f6
1751848151352 0.00016657781088724732 57 44f9b8024c0c4cb787c84f8e9eb1d0f6
1751848153567 0.0001688535703578964 58 44f9b8024c0c4cb787c84f8e9eb1d0f6
1751848155642 0.00017087135347537696 59 44f9b8024c0c4cb787c84f8e9eb1d0f6
1751848157705 0.0001653567305766046 60 44f9b8024c0c4cb787c84f8e9eb1d0f6
1751848159794 0.00015154645370785147 61 44f9b8024c0c4cb787c84f8e9eb1d0f6
1751848161914 0.0001489732530899346 62 44f9b8024c0c4cb787c84f8e9eb1d0f6
1751848164016 0.00015444190648850054 63 44f9b8024c0c4cb787c84f8e9eb1d0f6
1751848165943 0.0001559068914502859 64 44f9b8024c0c4cb787c84f8e9eb1d0f6
1751848167659 0.0001830743276514113 65 44f9b8024c0c4cb787c84f8e9eb1d0f6
1751848169464 0.0001552676549181342 66 44f9b8024c0c4cb787c84f8e9eb1d0f6
1751848171417 0.00015302597603294998 67 44f9b8024c0c4cb787c84f8e9eb1d0f6
1751848173296 0.00015010821516625583 68 44f9b8024c0c4cb787c84f8e9eb1d0f6
1751848175140 0.00014243296755012125 69 44f9b8024c0c4cb787c84f8e9eb1d0f6
1751848176967 0.00014551261847373098 70 44f9b8024c0c4cb787c84f8e9eb1d0f6
1751848179072 0.00014834635658189654 71 44f9b8024c0c4cb787c84f8e9eb1d0f6
1751848181241 0.00021295914484653622 72 44f9b8024c0c4cb787c84f8e9eb1d0f6
1751848183354 0.00016323580348398536 73 44f9b8024c0c4cb787c84f8e9eb1d0f6
1751848185450 0.0001431920100003481 74 44f9b8024c0c4cb787c84f8e9eb1d0f6
1751848187479 0.00015044496103655547 75 44f9b8024c0c4cb787c84f8e9eb1d0f6
1751848189565 0.0001504434330854565 76 44f9b8024c0c4cb787c84f8e9eb1d0f6
1751848191660 0.00014147885667625815 77 44f9b8024c0c4cb787c84f8e9eb1d0f6
1751848193766 0.0001440523046767339 78 44f9b8024c0c4cb787c84f8e9eb1d0f6
1751848195851 0.0001451673888368532 79 44f9b8024c0c4cb787c84f8e9eb1d0f6
1751848197695 0.00013745183241553605 80 44f9b8024c0c4cb787c84f8e9eb1d0f6
1751848199533 0.00014837848721072078 81 44f9b8024c0c4cb787c84f8e9eb1d0f6
1751848201578 0.00014639760775025934 82 44f9b8024c0c4cb787c84f8e9eb1d0f6
1751848203558 0.00013846089132130146 83 44f9b8024c0c4cb787c84f8e9eb1d0f6
1751848205531 0.0001452793221687898 84 44f9b8024c0c4cb787c84f8e9eb1d0f6
1751848207493 0.00014096441736910492 85 44f9b8024c0c4cb787c84f8e9eb1d0f6
1751848209426 0.00013364751066546887 86 44f9b8024c0c4cb787c84f8e9eb1d0f6
1751848211534 0.00013117326307110488 87 44f9b8024c0c4cb787c84f8e9eb1d0f6
1751848213658 0.0001316380366915837 88 44f9b8024c0c4cb787c84f8e9eb1d0f6
1751848215829 0.0001359997841063887 89 44f9b8024c0c4cb787c84f8e9eb1d0f6
1751848217941 0.00013091099390294403 90 44f9b8024c0c4cb787c84f8e9eb1d0f6
1751848220045 0.0001346289209323004 91 44f9b8024c0c4cb787c84f8e9eb1d0f6
1751848222107 0.0001273277448490262 92 44f9b8024c0c4cb787c84f8e9eb1d0f6
1751848224291 0.00013868097448721528 93 44f9b8024c0c4cb787c84f8e9eb1d0f6
1751848226324 0.00014196074334904552 94 44f9b8024c0c4cb787c84f8e9eb1d0f6
1751848228277 0.0001380774046992883 95 44f9b8024c0c4cb787c84f8e9eb1d0f6
1751848230227 0.00013058839249424636 96 44f9b8024c0c4cb787c84f8e9eb1d0f6
1751848232222 0.00014185404870659113 97 44f9b8024c0c4cb787c84f8e9eb1d0f6
1751848234045 0.00014159717829898 98 44f9b8024c0c4cb787c84f8e9eb1d0f6
1751848235888 0.0001333684049313888 99 44f9b8024c0c4cb787c84f8e9eb1d0f6
1751848029503 0.007482574786990881 0 44f9b8024c0c4cb787c84f8e9eb1d0f6
