1751577680748 0.013430275022983551 0 42a1437e4e5d45b48cc6fe3cb2901e80
1751577681645 0.0006803480791859329 1 42a1437e4e5d45b48cc6fe3cb2901e80
1751577682587 0.0005292781279422343 2 42a1437e4e5d45b48cc6fe3cb2901e80
1751577683461 0.0005018231458961964 3 42a1437e4e5d45b48cc6fe3cb2901e80
1751577684328 0.0004707342595793307 4 42a1437e4e5d45b48cc6fe3cb2901e80
1751577685247 0.0004810159152839333 5 42a1437e4e5d45b48cc6fe3cb2901e80
1751577686282 0.0004451270215213299 6 42a1437e4e5d45b48cc6fe3cb2901e80
1751577687217 0.0004073060117661953 7 42a1437e4e5d45b48cc6fe3cb2901e80
1751577688111 0.0004072201263625175 8 42a1437e4e5d45b48cc6fe3cb2901e80
1751577688978 0.0004177450609859079 9 42a1437e4e5d45b48cc6fe3cb2901e80
1751577689844 0.00036286067916080356 10 42a1437e4e5d45b48cc6fe3cb2901e80
1751577690760 0.0003511988325044513 11 42a1437e4e5d45b48cc6fe3cb2901e80
1751577691613 0.0003493980038911104 12 42a1437e4e5d45b48cc6fe3cb2901e80
1751577692510 0.00033860327675938606 13 42a1437e4e5d45b48cc6fe3cb2901e80
1751577693393 0.0003464032197371125 14 42a1437e4e5d45b48cc6fe3cb2901e80
1751577694263 0.0003209346323274076 15 42a1437e4e5d45b48cc6fe3cb2901e80
1751577695153 0.00031322389259003103 16 42a1437e4e5d45b48cc6fe3cb2901e80
1751577696026 0.00030930418870411813 17 42a1437e4e5d45b48cc6fe3cb2901e80
1751577696910 0.0003182128129992634 18 42a1437e4e5d45b48cc6fe3cb2901e80
1751577697809 0.0002988903142977506 19 42a1437e4e5d45b48cc6fe3cb2901e80
1751577699109 0.000302594096865505 20 42a1437e4e5d45b48cc6fe3cb2901e80
1751577700001 0.00030157380388118327 21 42a1437e4e5d45b48cc6fe3cb2901e80
1751577700892 0.0002938968245871365 22 42a1437e4e5d45b48cc6fe3cb2901e80
1751577701770 0.0002846323186531663 23 42a1437e4e5d45b48cc6fe3cb2901e80
1751577702640 0.0003063137410208583 24 42a1437e4e5d45b48cc6fe3cb2901e80
1751577703537 0.0002807843848131597 25 42a1437e4e5d45b48cc6fe3cb2901e80
1751577704509 0.0003141781489830464 26 42a1437e4e5d45b48cc6fe3cb2901e80
1751577705501 0.0002852501056622714 27 42a1437e4e5d45b48cc6fe3cb2901e80
1751577706422 0.0002753538719844073 28 42a1437e4e5d45b48cc6fe3cb2901e80
1751577707290 0.00026961133698932827 29 42a1437e4e5d45b48cc6fe3cb2901e80
1751577708201 0.0002551367215346545 30 42a1437e4e5d45b48cc6fe3cb2901e80
1751577709063 0.00026465862174518406 31 42a1437e4e5d45b48cc6fe3cb2901e80
1751577709960 0.00025806197663769126 32 42a1437e4e5d45b48cc6fe3cb2901e80
1751577710825 0.0002610828960314393 33 42a1437e4e5d45b48cc6fe3cb2901e80
1751577711690 0.00025223891134373844 34 42a1437e4e5d45b48cc6fe3cb2901e80
1751577712572 0.00025106387329287827 35 42a1437e4e5d45b48cc6fe3cb2901e80
1751577713470 0.00026781551423482597 36 42a1437e4e5d45b48cc6fe3cb2901e80
1751577714376 0.00024890669737942517 37 42a1437e4e5d45b48cc6fe3cb2901e80
1751577715308 0.0002614136610645801 38 42a1437e4e5d45b48cc6fe3cb2901e80
1751577716151 0.0002459058887325227 39 42a1437e4e5d45b48cc6fe3cb2901e80
1751577717027 0.00023066556605044752 40 42a1437e4e5d45b48cc6fe3cb2901e80
1751577717888 0.0002348139532841742 41 42a1437e4e5d45b48cc6fe3cb2901e80
1751577719208 0.00023157014220487326 42 42a1437e4e5d45b48cc6fe3cb2901e80
1751577720084 0.00023421805235557258 43 42a1437e4e5d45b48cc6fe3cb2901e80
1751577720973 0.0002948105975519866 44 42a1437e4e5d45b48cc6fe3cb2901e80
1751577721839 0.00022230132890399545 45 42a1437e4e5d45b48cc6fe3cb2901e80
1751577722789 0.00024105711781885475 46 42a1437e4e5d45b48cc6fe3cb2901e80
1751577723673 0.0002205549826612696 47 42a1437e4e5d45b48cc6fe3cb2901e80
1751577724522 0.0002215913700638339 48 42a1437e4e5d45b48cc6fe3cb2901e80
1751577725404 0.00024017914256546646 49 42a1437e4e5d45b48cc6fe3cb2901e80
1751577680748 0.013430275022983551 0 42a1437e4e5d45b48cc6fe3cb2901e80
