1751729391656 0.02302525006234646 0 04bff2d3a5b6435a80513754e1a25f65
1751729392364 0.0011519533582031727 1 04bff2d3a5b6435a80513754e1a25f65
1751729393108 0.0007079044007696211 2 04bff2d3a5b6435a80513754e1a25f65
1751729393825 0.0006392371142283082 3 04bff2d3a5b6435a80513754e1a25f65
1751729394514 0.0006265714764595032 4 04bff2d3a5b6435a80513754e1a25f65
1751729395203 0.0005657398141920567 5 04bff2d3a5b6435a80513754e1a25f65
1751729395864 0.0005152467056177557 6 04bff2d3a5b6435a80513754e1a25f65
1751729396553 0.000489966943860054 7 04bff2d3a5b6435a80513754e1a25f65
1751729397272 0.0004725678591057658 8 04bff2d3a5b6435a80513754e1a25f65
1751729397972 0.0004655458324123174 9 04bff2d3a5b6435a80513754e1a25f65
1751729398643 0.00044204926234669983 10 04bff2d3a5b6435a80513754e1a25f65
1751729399333 0.00041949079604819417 11 04bff2d3a5b6435a80513754e1a25f65
1751729400004 0.000405782280722633 12 04bff2d3a5b6435a80513754e1a25f65
1751729400722 0.00040572136640548706 13 04bff2d3a5b6435a80513754e1a25f65
1751729401424 0.00039577233837917447 14 04bff2d3a5b6435a80513754e1a25f65
1751729402218 0.00044883720693178475 15 04bff2d3a5b6435a80513754e1a25f65
1751729402920 0.00040046556387096643 16 04bff2d3a5b6435a80513754e1a25f65
1751729403660 0.00035744821070693433 17 04bff2d3a5b6435a80513754e1a25f65
1751729404433 0.00035134522477164865 18 04bff2d3a5b6435a80513754e1a25f65
1751729405377 0.0003458253631833941 19 04bff2d3a5b6435a80513754e1a25f65
1751729406393 0.00034862910979427397 20 04bff2d3a5b6435a80513754e1a25f65
1751729407464 0.0003451240190770477 21 04bff2d3a5b6435a80513754e1a25f65
1751729408465 0.00032752149854786694 22 04bff2d3a5b6435a80513754e1a25f65
1751729409365 0.00033792637987062335 23 04bff2d3a5b6435a80513754e1a25f65
1751729410448 0.00031523729558102787 24 04bff2d3a5b6435a80513754e1a25f65
1751729411533 0.0003003264428116381 25 04bff2d3a5b6435a80513754e1a25f65
1751729412850 0.0002992448571603745 26 04bff2d3a5b6435a80513754e1a25f65
1751729413789 0.00030095266993157566 27 04bff2d3a5b6435a80513754e1a25f65
1751729414714 0.0002923383144661784 28 04bff2d3a5b6435a80513754e1a25f65
1751729415671 0.0003147080133203417 29 04bff2d3a5b6435a80513754e1a25f65
1751729416579 0.0002820341906044632 30 04bff2d3a5b6435a80513754e1a25f65
1751729417451 0.000282284920103848 31 04bff2d3a5b6435a80513754e1a25f65
1751729418347 0.00026563930441625416 32 04bff2d3a5b6435a80513754e1a25f65
1751729419234 0.00029290333623066545 33 04bff2d3a5b6435a80513754e1a25f65
1751729420177 0.0002668568049557507 34 04bff2d3a5b6435a80513754e1a25f65
1751729421033 0.0002544118033256382 35 04bff2d3a5b6435a80513754e1a25f65
1751729421915 0.0002597771817818284 36 04bff2d3a5b6435a80513754e1a25f65
1751729422856 0.00026166538009420037 37 04bff2d3a5b6435a80513754e1a25f65
1751729423929 0.00024554363335482776 38 04bff2d3a5b6435a80513754e1a25f65
1751729424917 0.0002510281337890774 39 04bff2d3a5b6435a80513754e1a25f65
1751729425866 0.00024157378356903791 40 04bff2d3a5b6435a80513754e1a25f65
1751729426849 0.00024678331101313233 41 04bff2d3a5b6435a80513754e1a25f65
1751729427755 0.000247496907832101 42 04bff2d3a5b6435a80513754e1a25f65
1751729428693 0.0002307053655385971 43 04bff2d3a5b6435a80513754e1a25f65
1751729429564 0.00023190281353890896 44 04bff2d3a5b6435a80513754e1a25f65
1751729430517 0.00026058402727358043 45 04bff2d3a5b6435a80513754e1a25f65
1751729431482 0.00023467428400181234 46 04bff2d3a5b6435a80513754e1a25f65
1751729432404 0.00022985212854109704 47 04bff2d3a5b6435a80513754e1a25f65
1751729433343 0.00022316376271191984 48 04bff2d3a5b6435a80513754e1a25f65
1751729434322 0.00021191115956753492 49 04bff2d3a5b6435a80513754e1a25f65
1751729391656 0.02302525006234646 0 04bff2d3a5b6435a80513754e1a25f65
